30.04358334367388, 31.23580413992738
35.43549664485292, 139.62659447663714
52.52674796470785, 13.416348290057238
55.9523051996201, -3.18477348814524
41.89426981324659, 12.482392310558636
33.576429147538455, -7.604899008548074
35.757452765178165, 139.25010801496447
43.770915880487, 11.248509488059758
{
49.28056674579116, -123.12806453766098
1
-33.873179080728946, 151.39253732457718
1
40.644091550334444, 22.934694553748013
3
25.23616773942865, 55.29316622640814
_
4
38.71664598687808, -9.148761974742332
51.49090297465219, -0.11273287234127354
_
43.64484607016175, -79.40021036158032
60.16870313722899, 24.93891944212116
3
_
52.22949054756697, 21.0035966422865
3
13.801092682675515, 100.52298557032917
_
41.87888496344656, -87.64142862589824
0
64.14270431027514, -21.92662553784993
-1.3031230211495979, 36.77846064256988
3
-22.938071897964416, -43.18530162793266
59.326583505004756, 18.064151916446924
}